0
0
0
0
7
0
3482
0
0
0
0
1
0
0
0
0
0
0
0
0
0
28
0
0
6
3492
0
3484
0
0
0
0
0
0
0
0
0
0
0
0
0
5
0
0
0
0
3484
0
0
76
0
0
0
0
443
0
0
0
11
0
0
0
11
0
11
0
0
0
0
0
0
0
0
0
0
0
0
1
0
0
0
0
0
0
0
0
0
0
0
0
1
0
0
0
0
3484
30
0
1
0
0
0
0
0
3
0
0
0
0
0
0
6
0
0
0
0
0
0
0
0
0
0
0
0
0
0
0
2065
0
0
0
0
0
5
0
13
0
0
0
0
0
0
0
3484
0
0
0
0
0
195
0
0
0
0
319
0
0
3484
0
0
0
0
0
0
0
3489
5
0
0
0
0
0
0
0
0
0
0
2
0
424
0
0
0
0
0
5
0
0
0
0
0
3484
3484
0
0
3489
0
0
0
0
0
0
0
0
0
0
0
0
0
0
5
0
0
0
0
3485
0
0
5
0
0
0
0
0
0
0
0
0
0
0
0
0
0
0
3485
2775
0
0
5
3487
0
103
0
0
0
0
0
0
8
0
0
0
0
0
0
0
0
0
59
0
0
0
0
0
0
0
0
0
3485
0
0
5
0
16245
0
0
0
0
0
0
0
0
0
0
0
0
0
0
0
0
0
323
0
0
0
0
5
0
3487
0
0
0
3485
0
0
0
0
1
0
0
3485
0
16
0
0
0
0
0
0
0
0
0
0
0
0
0
21
0
0
1
0
0
0
0
0
0
0
0
0
0
0
0
0
0
0
0
0
0
128
1
0
0
0
0
0
0
0
0
0
0
0
3490
3
0
0
0
0
3
0
0
0
0
0
0
0
0
3493
0
0
0
0
0
0
0
1
0
0
0
0
0
3485
0
0
0
0
0
0
817
0
0
0
0
0
0
0
0
0
0
0
0
5
3485
0
0
0
0
0
0
0
0
0
0
0
0
0
0
0
11
0
0
0
0
445
0
0
0
0
3482
0
0
0
0
0
0
0
0
0
0
0
0
0
0
0
0
0
0
49
0
0
0
0
0
0
0
0
0
0
0
0
0
0
0
295
0
0
0
0
0
0
0
0
0
0
0
0
0
0
22
0
3490
0
0
0
0
0
0
0
0
0
0
0
642
0
0
0
0
0
0
3485
0
0
0
0
0
0
1
0
0
0
0
2
0
1104
0
0
5
0
0
3485
0
0
0
0
0
0
2503
0
0
0
0
0
0
182
0
0
0
0
0
0
1
3485
1
0
0
0
0
0
0
0
0
0
0
0
0
0
7
0
0
0
0
17
0
97
0
0
3
0
0
0
0
0
0
1
0
0
3
0
0
171
0
0
0
0
0
0
0
3487
0
0
0
1
0
0
0
0
0
0
0
0
0
0
0
0
5
66
3485
0
0
0
0
0
55
0
0
0
2
2174
0
0
0
0
0
3485
0
0
0
3485
30
0
132
0
0
0
0
0
0
0
0
0
0
0
3485
0
0
0
0
0
0
7
0
0
0
42
0
0
1
633
0
0
0
0
0
0
0
3485
0
0
0
0
0
0
0
0
0
0
0
0
0
0
0
0
30
0
0
0
3487
0
0
11
0
0
3
0
0
0
0
0
0
0
0
0
0
0
0
17
20
0
0
6
0
0
0
1
0
0
0
0
0
0
0
0
0
0
0
0
0
0
0
0
0
0
0
0
0
0
0
0
0
1
0
0
0
0
0
0
0
0
0
0
3485
0
0
0
0
0
0
0
0
3482
293
0
1
682
0
0
436
0
0
0
0
21
3118
0
0
2
0
0
0
0
0
0
0
0
4
0
0
0
3991
0
0
0
0
0
21
0
0
0
0
0
0
0
0
0
0
0
0
0
0
0
0
0
0
3482
0
0
0
0
3485
0
0
0
0
0
0
0
0
2
0
0
0
0
0
0
0
3
0
0
0
0
3482
207
3482
0
0
0
3490
0
0
0
0
0
0
0
0
0
0
0
0
0
0
0
0
0
3485
0
0
0
0
0
0
0
0
0
0
0
0
0
0
0
0
0
0
0
0
0
0
0
76
4
0
0
0
0
0
0
3485
0
3485
0
0
0
0
0
0
1
0
1278
0
16
0
47
0
16
0
0
0
0
0
0
0
0
0
1
1
0
0
0
0
0
11
0
0
1
0
0
0
0
0
0
0
0
0
1
0
0
0
0
0
0
0
750
0
0
0
0
0
0
0
0
0
1
0
0
0
0
0
3083
0
0
0
0
0
0
0
1
0
0
0
0
0
0
0
0
0
0
3485
0
0
0
0
