10 10
16 16
22 22
36 36
40 40
65 65
72 72
74 74
76 76
110 110
111 111
113 113
116 116
128 128
131 131
136 136
146 146
160 160
162 162
176 176
182 182
185 185
187 187
188 188
191 191
193 193
194 194
196 196
196 196
200 200
205 205
213 213
216 216
217 217
217 217
220 220
225 225
231 231
231 231
235 235
237 237
242 242
246 246
246 246
248 248
254 254
262 262
264 264
266 266
267 267
269 269
271 271
272 272
274 274
278 278
280 280
284 284
287 287
291 291
297 297
303 303
310 310
311 311
311 311
312 312
313 313
323 323
327 327
327 327
331 331
334 334
336 336
336 336
347 347
349 349
351 351
352 352
354 354
356 356
357 357
358 358
364 364
368 368
369 369
370 370
373 373
373 373
384 384
387 387
387 387
392 392
416 416
428 428
432 432
432 432
434 434
435 435
437 437
438 438
438 438
440 440
440 440
453 453
456 456
462 462
464 464
466 466
468 468
471 471
476 476
477 477
479 479
485 485
487 487
488 488
493 493
494 494
504 504
521 521
523 523
533 533
535 535
551 551
552 552
558 558
568 568
576 576
577 577
582 582
592 592
593 593
598 598
609 609
610 610
614 614
620 620
623 623
626 626
628 628
638 638
638 638
641 641
642 642
644 644
649 649
653 653
654 654
656 656
656 656
658 658
663 663
671 671
674 674
681 681
683 683
684 684
685 685
686 686
691 691
700 700
705 705
705 705
722 722
732 732
739 739
743 743
752 752
752 752
754 754
761 761
773 773
779 779
780 780
790 790
791 791
792 792
803 803
811 811
814 814
826 826
828 828
837 837
844 844
845 845
853 853
876 876
879 879
882 882
888 888
908 908
911 911
924 924
929 929
944 944
945 945
947 947
950 950
964 964
967 967
977 977
982 982
992 992
1004 1004
1012 1012
1014 1014
1018 1018
1033 1033
1044 1044
1057 1057
1081 1081
1109 1109
1116 1116
1119 1119
1121 1121
1146 1146
1161 1161
1172 1172
1210 1210
1210 1210
1214 1214
1275 1275
1344 1344
1353 1353
1386 1386
1388 1388
1390 1390
1407 1407
1438 1438
1460 1460
1462 1462
1475 1475
1511 1511
1588 1588
1627 1627
1739 1739
1778 1778
1911 1911
1991 1991
2046 2046
2113 2113
2315 2315
2450 2450
2958 2958
